첫 번째 영화의 asset_id: M4774432LSGK16701201
첫 번째 영화의 vector: [ 1.79996993e-02  3.85683402e-02  7.98944011e-02  6.33632112e-03
 -2.84205694e-02 -4.80613187e-02  5.29173249e-03  1.09457755e-02
 -2.87725329e-02 -3.80557962e-02  1.17992163e-01 -7.24297017e-02
  8.69867280e-02 -1.49315689e-02  8.00256804e-02 -8.00834224e-02
 -1.38001041e-02  7.23511428e-02 -7.30418265e-02  9.96039286e-02
  4.24221084e-02 -1.60298608e-02  7.83523172e-03 -4.56631593e-02
 -7.47530088e-02 -3.05547342e-02  9.07882676e-03 -5.07846288e-03
 -2.12891959e-02  6.72588497e-02 -5.09156995e-02  3.13853361e-02
 -1.70711763e-02  1.07657472e-02 -1.02823563e-01  4.92998846e-02
 -1.21073229e-02  1.01181090e-01 -2.43646167e-02 -1.43826175e-02
 -8.80893096e-02 -6.59551695e-02 -2.03341022e-02 -8.91338512e-02
 -2.44814828e-02  3.31246853e-02 -1.15088075e-02 -6.99770525e-02
 -1.40904188e-01  2.66902382e-04 -2.75479127e-02 -1.53034115e-02
  4.45407555e-02 -2.59337835e-02 -1.33205783e-02 -5.26840240e-02
 -8.87913778e-02  5.19108959e-02  4.77488749e-02  9.19883400e-02
 -7.12851733e-02  4.67632711e-02  9.69964731e-03  2.63717361e-02
  9.26069617e-02  1.19010331e-02 -4.97187162e-03 -4.71411943e-02
 -2.73912326e-02  4.71363626e-02  8.77828747e-02  5.36640594e-03
 -3.92133668e-02 -8.84740520e-03 -1.32543907e-01  7.68968544e-04
 -5.10971807e-03  1.37996785e-02 -1.00997426e-01 -7.49426410e-02
  5.91327203e-03  1.99240749e-03  3.13443206e-02 -1.89789273e-02
 -1.02221303e-01 -7.44004995e-02 -4.19234484e-02 -5.60601950e-02
 -4.47612517e-02  2.64272578e-02  7.87142515e-02  9.96945351e-02
  7.77202845e-03 -7.30719268e-02  4.81481664e-02 -2.24568434e-02
 -7.74743333e-02  5.37819713e-02  3.09192599e-03  9.88433789e-03
  4.49503660e-02  3.10419630e-02 -1.05851457e-01  2.28120033e-02
 -7.36261252e-03 -1.04430579e-02 -2.27204300e-02 -1.03501730e-01
  9.43642482e-03 -2.39854841e-03 -4.67474051e-02 -3.80563624e-02
 -2.24791896e-02  9.73824225e-03  1.10922894e-02 -1.01752654e-02
 -2.52026543e-02  1.36072822e-02 -1.20531721e-03 -2.37275753e-02
  1.51181165e-02 -6.13406338e-02  8.98403972e-02 -3.83957438e-02
 -1.35739036e-02 -1.40519813e-01 -4.86587465e-04  1.08168816e-33
 -3.02595552e-02 -5.32388054e-02 -2.53813695e-02  3.63717936e-02
  4.71512079e-02  9.63699166e-03  1.10647324e-02 -1.67351961e-02
  2.20491122e-02 -1.71117317e-02  1.70178302e-02  2.11655311e-02
 -1.55579830e-02  1.41601032e-02 -1.99122895e-02  9.63123962e-02
 -6.95822090e-02 -3.17791626e-02 -2.79252883e-03  6.33068308e-02
  8.78344104e-02  1.79101471e-02  3.01957540e-02  1.50702354e-02
 -4.72075678e-02 -5.74021526e-02  2.71903574e-02 -6.48138206e-03
 -6.57638907e-02  1.78813338e-02 -7.31813954e-03 -5.19636199e-02
 -3.21038477e-02 -7.83126429e-02 -5.87897226e-02  6.10978296e-03
  9.58430320e-02 -2.89856680e-02 -3.38030346e-02 -2.48600990e-02
 -1.73375309e-02  1.20184049e-02 -1.40575003e-02  3.33114564e-02
 -4.36579213e-02  6.44834340e-02 -2.25454178e-02 -9.69314482e-03
 -9.68650728e-02 -2.76124030e-02 -3.91326323e-02  7.16497973e-02
  5.06563559e-02 -5.48818819e-02  7.79019529e-03  1.25154570e-01
  5.98473549e-02 -3.88158970e-02 -4.94996086e-02 -8.74335039e-03
 -7.11817341e-03  7.04909712e-02 -3.38762701e-02 -4.16427180e-02
  6.18346184e-02  4.15030122e-02  1.60254668e-02 -4.74482290e-02
  1.45693216e-02 -4.93614078e-02 -3.17362621e-02 -1.71561427e-02
 -1.06503867e-01  1.09471530e-02 -3.70830134e-03 -1.06239147e-01
 -3.87879312e-02  2.97749527e-02  3.84589247e-02 -4.90923449e-02
  8.36977828e-03 -1.55246630e-03 -8.78751650e-03 -8.52607563e-02
  5.55257313e-02  2.07736231e-02  1.28772529e-02 -7.09292367e-02
  4.61430065e-02  1.60646006e-01  4.24211361e-02  1.80585943e-02
 -1.60535369e-02 -7.98044950e-02  1.86122376e-02 -6.27290732e-33
 -6.59323717e-03  1.51047498e-01  5.05979173e-03  5.70734106e-02
  5.88571914e-02  2.12067347e-02 -4.90448512e-02  6.26982097e-03
  1.65728008e-04  5.05963638e-02 -6.27823919e-02  1.66861713e-02
  5.87147363e-02 -4.80525605e-02  3.02267447e-03 -7.33282929e-03
  8.13834369e-03  5.30746244e-02 -2.88977567e-02  1.08999275e-02
  3.24893184e-02  1.44161936e-02  5.75076044e-02  3.00610773e-02
 -8.39524418e-02  9.96755715e-03  5.49731031e-02  1.99804213e-02
 -6.88304305e-02  8.98096338e-03  9.08281654e-02  4.51159701e-02
  5.53299906e-03 -7.10727554e-03  5.37149645e-02 -4.43103462e-02
 -3.50898653e-02  2.69482993e-02 -4.14133072e-02 -6.54607713e-02
  1.39845172e-02  3.44321621e-03  4.77633327e-02 -7.03917965e-02
 -1.93958171e-02 -3.76416966e-02  1.08689750e-02 -2.87554171e-02
 -6.00608671e-03 -4.40002158e-02  2.60489155e-02  3.06925196e-02
 -6.51730448e-02 -3.37327458e-02  6.68907687e-02 -7.06951916e-02
  1.49051160e-01 -3.57449464e-02 -7.62920976e-02 -4.94143739e-02
  4.18297239e-02  2.54240185e-02 -5.30319922e-02 -1.24851987e-02
  1.35532478e-02  1.47282835e-02 -7.17524439e-03 -1.58089586e-02
  5.19352667e-02  9.14452225e-03 -6.02393709e-02 -7.60788396e-02
  2.07714718e-02 -2.38239542e-02  3.36846197e-03  1.12900250e-02
 -5.00836074e-02  3.96718131e-03 -3.89623223e-03 -8.14039782e-02
 -1.47546142e-01  1.50824375e-02  4.40512784e-03 -6.64401054e-03
 -7.76666850e-02  3.29501517e-02 -3.01873032e-02 -2.04722323e-02
  4.75920597e-03 -5.17195463e-02  4.14273627e-02  1.34724109e-02
 -3.37431120e-04 -7.36093447e-02  5.65837510e-02 -4.56232634e-08
  3.87653001e-02 -3.32869105e-02  5.39328866e-02  2.95585282e-02
  7.25115323e-03  4.52001281e-02  8.62077437e-03 -1.31628038e-02
 -3.64434645e-02  1.89107340e-02 -1.28037892e-02  3.92421670e-02
  6.19055741e-02  4.67813462e-02 -6.10954911e-02 -7.67382085e-02
  8.63024890e-02 -6.64806888e-02 -7.20864348e-03  4.42162678e-02
  6.38758838e-02 -2.10667662e-02 -1.79896485e-02  1.26618277e-02
 -7.88733438e-02  4.98062447e-02 -3.44649027e-03 -4.10235440e-03
 -6.32947236e-02 -8.58294871e-03  2.92096566e-02 -6.85539246e-02
  1.26885772e-02 -2.66088657e-02  5.78240454e-02 -1.27151847e-01
 -3.95312114e-03  9.87243745e-03  5.27736302e-06  9.55703631e-02
  6.93401787e-03 -7.51043856e-02  5.35373017e-02  1.34791568e-01
  1.78812146e-02 -1.73798595e-02  8.48463550e-02 -5.78793511e-02
  2.40865443e-03  5.02464660e-02 -2.67402567e-02 -3.47128846e-02
  1.14610586e-02 -2.76136282e-03 -6.80912882e-02 -1.88069902e-02
 -4.77791205e-02  7.89368153e-02 -8.65406077e-03  6.18885458e-03
  7.33980834e-02  3.33808921e-02 -5.55823669e-02 -2.29810160e-02]
벡터 크기: 384